UnitName: PTUdemo
ServerIP: 137.138.61.147
ServerPort: 10123
SerialPortNum: 5
SerialPortBaud: 9600
DosimeterID: 883437
MacAddress: 0000f8e0ffbf
#Temperature
SamplingRate: 60000
UpLevel: 100.000000
DownLevel: 50.000000
#Humidity
SamplingRate: 5000
UpLevel: 130.000000
DownLevel: 50.000000
#O2
SamplingRate: 5000
UpLevel: 100.000000
DownLevel: 50.000000
#CO2
SamplingRate: 5000
UpLevel: 100.000000
DownLevel: 50.000000
#HeartRate
SamplingRate: 5000
UpLevel: 100.000000
DownLevel: 50.000000
#DoseAccum
SamplingRate: 5000
UpLevel: 100.000000
DownLevel: 50.000000
#DoseRate
SamplingRate: 5000
UpLevel: 100.000000
DownLevel: 50.000000
#BodyTemperature
SamplingRate: 5000
UpLevel: 100.000000
DownLevel: 50.000000
